0.000000
0.000000
1.000000
1.000000
42.565681
41.565681
53.828522
54.828522
-42.565681
-41.565681
52.828522
53.828522
29.114319
29.114319
47.791481
47.791481
70.680000
71.680000
101.620003
100.620003
-41.565681
-42.565681
53.828522
52.828522
53.120003
27.080000
67.180000
40.620003
-987654.000000
-987654.000000
987654.000000
987654.000000
987654.000000
987654.000000
987654.000000
987654.000000
83.318001
109.358002
129.657013
156.217010
-987654.000000
-987654.000000
987654.000000
987654.000000
987654.000000
987654.000000
987654.000000
987654.000000
33.122322
60.484642
132.843140
173.712433
70.680000
71.680000
101.620003
100.620003
-37.557678
-11.195358
-31.223137
-73.092430
53.120003
27.080000
67.180000
40.620003
126.212433
-987654.000000
-93.217560
987654.000000
-73.092430
987654.000000
-160.397552
987654.000000
66.107506
66.107506
86.661255
86.661255
10.000000
10.000000
-73.736313
-29.675983
56.107506
56.107506
-160.397568
-116.337234
0.000000
25.000000
0.000000
25.000000
-987681.062500
-987654.000000
987613.375000
987654.000000
987681.062500
987654.000000
987613.375000
987654.000000
53.120003
27.080000
67.180000
40.620003
126.212433
-987654.000000
-93.217560
987654.000000
-73.092430
987654.000000
-160.397552
987654.000000
0.000000
0.000000
5.000000
5.000000
-50.467201
-22.209602
-73.902397
-31.352802
50.467201
22.209602
-78.902397
-36.352802
66.107506
66.107506
86.661255
86.661255
-51.104855
-21.801949
-73.736313
-29.675983
117.212357
87.909454
-160.397568
-116.337234
32.209602
60.467201
136.337234
180.397568
10.000000
10.000000
20.000000
20.000000
22.209602
50.467201
-116.337234
-160.397568
0.000000
0.000000
1.000000
1.000000
11.195358
37.557678
6.693512
48.894524
-11.195358
-37.557678
5.693512
47.894524
65.951256
65.951256
86.426880
86.426880
14.858456
41.035381
13.334450
55.203751
51.092800
24.915874
-73.092430
-31.223129
33.122322
60.484642
132.843140
173.712433
70.680000
71.680000
101.620003
100.620003
-37.557678
-11.195358
-31.223137
-73.092430
29.114319
29.114319
47.791481
47.791481
70.680000
71.680000
101.620003
100.620003
-41.565681
-42.565681
53.828522
52.828522
53.120003
27.080000
67.180000
40.620003
28.204132
-987654.000000
-5.912426
987654.000000
24.915871
987654.000000
-73.092422
987654.000000
65.951256
65.951256
86.426880
86.426880
14.858456
41.035381
13.334450
55.203751
51.092800
24.915874
-73.092430
-31.223129
0.000000
0.000000
5.000000
5.000000
-50.467201
-22.209602
-73.902397
-31.352802
50.467201
22.209602
-78.902397
-36.352802
0.000000
0.000000
1.000000
1.000000
11.195358
37.557678
6.693512
48.894524
-11.195358
-37.557678
5.693512
47.894524
0.000000
0.000000
1.000000
1.000000
42.565681
41.565681
53.828522
54.828522
-42.565681
-41.565681
52.828522
53.828522
0.000000
25.000000
0.000000
25.000000
-987681.062500
-987654.000000
987613.375000
987654.000000
987681.062500
987654.000000
987613.375000
987654.000000
32.209602
60.467201
136.337234
180.397568
10.000000
10.000000
20.000000
20.000000
22.209602
50.467201
-116.337234
-160.397568
66.107506
66.107506
86.661255
86.661255
10.000000
10.000000
20.000000
20.000000
56.107506
56.107506
-66.661255
-66.661255
83.318001
109.358002
129.657013
156.217010
-987654.000000
-987654.000000
987654.000000
987654.000000
987654.000000
987654.000000
987654.000000
987654.000000
